{
 "cells": [
  {
   "cell_type": "markdown",
   "id": "1a719b8e",
   "metadata": {},
   "source": [
    "# Projet 3 (LU3IN005) : Chaines de Markov et épidémiologie :\n",
    "# Propagation d’une épidémie dans une population"
   ]
  },
  {
   "cell_type": "markdown",
   "id": "f35bf20d",
   "metadata": {},
   "source": [
    "### <u>Groupe 6 :</u>\n",
    "<pr>Samy (Adem) YAZID<br>Numéro étudiant : $3811684$<br><br>Margaux MARSELOO<br>Numéro étudiant : $28630611$</pr> "
   ]
  },
  {
   "cell_type": "markdown",
   "id": "bf8bcb18",
   "metadata": {},
   "source": [
    "### <u>**Consignes :**</u>\n",
    "<pr>\n",
    "\n",
    "L’objectif de ce projet est de manipuler des chaînes de Markov pour étudier la propagation d’une épidémie dans une population.<br>\n",
    "Votre rendu sera un notebook, il est attendu que les codes soient commentés et les résultats interprétés.<br>\n",
    "Les packages <em>numpy</em>, <em>random</em> et <em>matplotlib</em> sont conseillés.<br>\n",
    "Nous allons étudier des populations constituées de $3$ types d’individus.<br>\n",
    "Chaque individu est dans un des $3$ états suivant : sain $S$, infecté $I$ ou guéri $R$.\n",
    "</pr>"
   ]
  },
  {
   "cell_type": "code",
   "execution_count": 15,
   "id": "60f3f596",
   "metadata": {},
   "outputs": [],
   "source": [
    "import numpy as np\n",
    "import math\n",
    "import matplotlib.pyplot as plt\n",
    "import random as rd\n",
    "\n",
    "def rec_extract_values(iterable, dico):\n",
    "    \"\"\"\n",
    "    Paramètres:\n",
    "    iterable : any\n",
    "        Iterable (ou non) dont on veut extraire les valeurs dans un dictionnaire\n",
    "    dico : dict\n",
    "        Dictionnaire qui stockera les valeurs extraites\n",
    "        \n",
    "    Retourne:\n",
    "    None\n",
    "\n",
    "    Description:\n",
    "    Fonction permettant d'extraire toutes les valeurs de iterable en les stockant\n",
    "    dans dico, et qui compte toutes les fois où chaque valeur est apparue.\n",
    "    (Dans cette fonction les strings sont considérés comme non-iterable, donc\n",
    "    seront compté comme une valeur quelconque)\n",
    "    \n",
    "    Exemple:\n",
    "    dico : {}\n",
    "    rec_extract_values([1, 3, [3, 7]])\n",
    "    dico : {1:1, 3:2, 7:1}\n",
    "    \"\"\"\n",
    "    if type(iterable) in [type([]), type(np.matrix([])), type(np.array([]))]:\n",
    "        for l in iterable:\n",
    "            rec_extract_values(l, dico)\n",
    "        return dico\n",
    "    else:\n",
    "        if iterable not in dico:\n",
    "            dico[iterable] = 1\n",
    "        else:\n",
    "            dico[iterable] += 1\n",
    "            \n",
    "def rec_sum_values(iterable):\n",
    "    \"\"\"\n",
    "    Paramètres:\n",
    "    iterable : any iterable type of (int or float)\n",
    "        Iterable dont on veut sommer les valeurs\n",
    "        \n",
    "    Retourne:\n",
    "    somme : int or float\n",
    "        Somme des valeurs de iterable\n",
    "    \n",
    "    Description:\n",
    "    Fonction permettant de retourner la somme de toutes les valeurs de iterable.\n",
    "    \n",
    "    Exemple:\n",
    "    rec_sum_values([1, 3, [3, 7.5]]) : 14.5\n",
    "    \"\"\"\n",
    "    if type(iterable) in [type([]), type(np.matrix([])), type(np.array([]))]:\n",
    "        somme = 0\n",
    "        for l in iterable:\n",
    "            somme += rec_sum_values(l)\n",
    "        return somme\n",
    "    else:\n",
    "        return iterable\n",
    "    \n",
    "def dict_zero(dico):\n",
    "    \"\"\"\n",
    "    Paramètres:\n",
    "    dico : dict\n",
    "        Dictionnaire dont on veut mettre toutes ses valeurs à 0\n",
    "        \n",
    "    Retourne:\n",
    "    None\n",
    "    \n",
    "    Description:\n",
    "    Fonction permettant pour un dictionnaire de conserver ses clés tout en fixant leur valeur à 0.\n",
    "    \n",
    "    Exemple:\n",
    "    dico : {1:1, 3:2, 7:1}\n",
    "    dict_zero(dico)\n",
    "    dico : {1:0, 3:0, 7:0}\n",
    "    \"\"\"\n",
    "    for key in dico:\n",
    "        dico[key] = 0"
   ]
  },
  {
   "cell_type": "markdown",
   "id": "c434636a",
   "metadata": {},
   "source": [
    "## I) <u>Apprentissage des paramètres d’un modèle à partir de données</u>\n",
    "\n",
    "<pr>\n",
    "    \n",
    "Dans notre modèle, nous allons considérer qu’à chaque temps :\n",
    "- Chaque individu sain peut rester sain ou devenir infecté\n",
    "- Chaque individu infecté peut rester infecté ou devenir guéri\n",
    "- Chaque individu guéri reste guéri\n",
    "et que la probabilité de passer d’un état à l’autre ne dépend que de l’état précédent.\n",
    "\n",
    "Nous disposons d’une séquence d’observations et nous souhaitons apprendre les paramètres de la\n",
    "chaîne de Markov permettant de modéliser le processus sous-jacent qui a généré la séquence.<br>\n",
    "Nous avons suivi un individu pendant $10$ jours, afin de déterminer a chaque temps dans quel état se trouvait l’individu.<br>\n",
    "Nous avons obtenu la séquence d’observation suivante : $S, S, S, I, I ,I ,I , I, I, R$.\n",
    "</pr>\n",
    "\n",
    "\n",
    "<pr><u>**Question 1:**</u> À partir de cette séquence d’observation, estimez de les probabilités de transition entre les états et dresser la matrice de probabilité de transitions.</pr>\n"
   ]
  },
  {
   "cell_type": "markdown",
   "id": "5bfb4322",
   "metadata": {},
   "source": [
    "Matrice de transition du modèle :\n",
    "$\n",
    "\\begin{pmatrix}\n",
    "  &   S &   I &   R \\\\\n",
    "S & 2/3 & 1/3 &   0 \\\\\n",
    "I &   0 & 5/6 & 1/6 \\\\\n",
    "R &   0 &   0 &   1 \\\\\n",
    "\\end{pmatrix}\n",
    "$"
   ]
  },
  {
   "cell_type": "code",
   "execution_count": 2,
   "id": "7f5c5ce5",
   "metadata": {},
   "outputs": [],
   "source": [
    "matrice_transition = np.array([[2/3, 1/3,   0], \n",
    "                               [  0, 5/6, 1/6], \n",
    "                               [  0,   0,   1]])"
   ]
  },
  {
   "cell_type": "markdown",
   "id": "65282d1f",
   "metadata": {},
   "source": [
    "<pr>\n",
    "Nous avons ensuite suivi une population de $5000$ individus, pendant $200$ jours.<br>\n",
    "Pour lire les données, utiliser <code>np.loadtxt(\"data_exo_2022.txt\")</code>.<br>\n",
    "Les individus sains sont notés $0$, les infectés $1$ et les guéris $2$.\n",
    "\n",
    "<u>**Question 2:**</u><br>\n",
    "    \n",
    "1) Lire des données\n",
    "    \n",
    "</pr>"
   ]
  },
  {
   "cell_type": "code",
   "execution_count": 3,
   "id": "7dac415a",
   "metadata": {},
   "outputs": [],
   "source": [
    "data = np.loadtxt(\"data_exo_2022.txt\")"
   ]
  },
  {
   "cell_type": "markdown",
   "id": "16ecf63e",
   "metadata": {},
   "source": [
    "<pr>\n",
    "    \n",
    "2) Estimez les probabilités de transition entre les états et dressez la matrice de probabilité de transitions\n",
    "(indice pour vérifier vos résultats : la première ligne de la matrice est $[0.9308, 0.0691, 0.]$).\n",
    "\n",
    "</pr>"
   ]
  },
  {
   "cell_type": "code",
   "execution_count": 4,
   "id": "9cf8a20a",
   "metadata": {},
   "outputs": [
    {
     "name": "stdout",
     "output_type": "stream",
     "text": [
      "Matrice de transition de l'exemple:\n",
      "\n",
      "[[0.66666667 0.33333333 0.        ]\n",
      " [0.         0.83333333 0.16666667]\n",
      " [0.         0.         1.        ]]\n",
      "\n",
      "Matrice de transition des 5000 individus:\n",
      "\n",
      "[[0.91574267 0.08425733 0.        ]\n",
      " [0.         0.9205482  0.0794518 ]\n",
      " [0.04864806 0.         0.95135194]]\n"
     ]
    }
   ],
   "source": [
    "def analyse_seq(sequence, opt_card={}):\n",
    "    sequence = sequence.astype(int)\n",
    "    \n",
    "    if opt_card == {}:\n",
    "        card = {elem : 0 for elem in set(sequence)}\n",
    "        nb_etats = len(card)\n",
    "        mat_transition_etats = np.zeros((nb_etats, nb_etats))\n",
    "        \n",
    "        #on détermine la fréquence\n",
    "        for etat in range(1, len(sequence)):\n",
    "            card[sequence[etat-1]] += 1\n",
    "            mat_transition_etats[sequence[etat-1]][sequence[etat]] += 1\n",
    "        card[sequence[etat]] += 1\n",
    "        mat_transition_etats[sequence[etat]][sequence[etat]] += 1\n",
    "\n",
    "    else:\n",
    "        card = opt_card\n",
    "        nb_etats = len(card)\n",
    "        mat_transition_etats = np.zeros((nb_etats, nb_etats))\n",
    "        \n",
    "        #on détermine la fréquence\n",
    "        for etat in range(1, len(sequence)):\n",
    "            mat_transition_etats[sequence[etat-1]][sequence[etat]] += 1\n",
    "        mat_transition_etats[sequence[etat]][sequence[etat]] += 1\n",
    "        \n",
    "    return mat_transition_etats, card\n",
    "    \n",
    "def matrice_proba_transition(sequence, opt_card={}):\n",
    "    mat_transition_etats, card = analyse_seq(sequence, opt_card)\n",
    "    #on détermine les probabilités\n",
    "    nb_etats = len(mat_transition_etats)\n",
    "    for i in range(nb_etats):\n",
    "        for j in range (nb_etats):\n",
    "            mat_transition_etats[i][j] /= card[i]\n",
    "    return mat_transition_etats\n",
    "    \n",
    "\n",
    "def matrice_proba_transition_liste(liste_sequence):\n",
    "    card = {}\n",
    "    rec_extract_values(liste_sequence, card)\n",
    "    \n",
    "    matrice_finale = np.zeros((len(card), len(card)))\n",
    "    \n",
    "    for seq in liste_sequence:\n",
    "        dict_zero(card)\n",
    "        rec_extract_values(seq, card)\n",
    "        matrice_finale += matrice_proba_transition(seq, card)\n",
    "        \n",
    "    for i in range(len(matrice_finale)):\n",
    "        for j in range(len(matrice_finale[0])):\n",
    "            matrice_finale[i][j] /= (len(liste_sequence))\n",
    "            \n",
    "    return matrice_finale\n",
    "\n",
    "print(\"Matrice de transition de l'exemple:\\n\")\n",
    "print(matrice_proba_transition_liste([np.array([0., 0., 0., 1., 1., 1., 1., 1., 1., 2.])]))\n",
    "print(\"\\nMatrice de transition des 5000 individus:\\n\")\n",
    "print(matrice_proba_transition_liste(data))"
   ]
  },
  {
   "cell_type": "markdown",
   "id": "d04231ac",
   "metadata": {},
   "source": [
    "## II) <u>Description du premier modèle</u>\n",
    "<pr>La probabilité pour un individu d’être dans un de ces $3$ états au temps $t$, ne dépend que l’état dans\n",
    "lequel il est au temps $t − 1$.<br>\n",
    "Un individu dans l’état sain a une probabilité de $0.92$ de rester sain et une probabilité de $0.08$ de\n",
    "devenir infecté. Si l’individu est infecté, il peut le rester avec une probabilité de $0.93$ et être guéri avec\n",
    "une probabilité de $0.07$. S’il est dans l’état guéri, il reste dans cet état avec une probabilité de $1$.\n",
    "\n",
    "<u>**Question 1:**</u> À partir du graphe de transition, créez la matrice de transition $A$, la matrice contenant les probabilités de transition entre les différents états. Créez une fonction permettant de vérifier qu’une matrice est stochastique.\n",
    "</pr>"
   ]
  },
  {
   "cell_type": "markdown",
   "id": "3691419c",
   "metadata": {},
   "source": [
    "Matrice de transition du premier modèle :<br>\n",
    "$A = \n",
    "\\begin{pmatrix}\n",
    "  &    S &    I &    R \\\\\n",
    "S & 0.92 & 0.08 &    0 \\\\\n",
    "I &    0 & 0.93 & 0.07 \\\\\n",
    "R &    0 &    0 &    1 \\\\\n",
    "\\end{pmatrix}\n",
    "$"
   ]
  },
  {
   "cell_type": "code",
   "execution_count": 5,
   "id": "685106fe",
   "metadata": {},
   "outputs": [
    {
     "name": "stdout",
     "output_type": "stream",
     "text": [
      "La matrice de transition de la partie I) est-elle stochastique ? : True\n",
      "La matrice de transition de la partie II) est-elle stochastique ? : True\n"
     ]
    }
   ],
   "source": [
    "matrice_transition_modele1 = np.array([[0.92, 0.08,    0], \n",
    "                                       [   0, 0.93, 0.07], \n",
    "                                       [   0,    0,    1]])\n",
    "\n",
    "def est_stochastique(matrice):\n",
    "    epsilon = 0.00001\n",
    "    for ligne in matrice:\n",
    "        if abs(rec_sum_values(ligne) - 1) >= epsilon:\n",
    "            return False\n",
    "    return True\n",
    "\n",
    "print(\"La matrice de transition de la partie I) est-elle stochastique ? :\", est_stochastique(matrice_transition))\n",
    "\n",
    "print(\"La matrice de transition de la partie II) est-elle stochastique ? :\", est_stochastique(matrice_transition))"
   ]
  },
  {
   "cell_type": "markdown",
   "id": "49b8030a",
   "metadata": {},
   "source": [
    "<pr>\n",
    "Au temps $t = 0$, un individu a une probabilité de $0.9$ d’être sain et $0.1$ d’être infecté.\n",
    "\n",
    "<u>**Question 2:**</u> Créez $π_0$ la distribution de probabilité initiale.\n",
    "</pr>"
   ]
  },
  {
   "cell_type": "markdown",
   "id": "5dfbd991",
   "metadata": {},
   "source": [
    "$\n",
    "π_0 = \n",
    "\\begin{pmatrix}\n",
    "   S &    I &    R \\\\\n",
    "0.90 & 0.10 &    0 \\\\\n",
    "\\end{pmatrix}\n",
    "$"
   ]
  },
  {
   "cell_type": "code",
   "execution_count": 6,
   "id": "6ff4c9e9",
   "metadata": {},
   "outputs": [],
   "source": [
    "pi_0 = [0.90,\n",
    "        0.10,\n",
    "           0]"
   ]
  },
  {
   "cell_type": "markdown",
   "id": "c87ad299",
   "metadata": {},
   "source": [
    "<pr>\n",
    "Nous allons étudier l’évolution du nombre d’individu sains, infectés et guéris au cours du temps.\n",
    "Dans un premier temps nous étudierons la distribution théorique, puis la distribution observée sur des simulations.\n",
    "</pr>\n",
    "\n",
    "### <u>Distribution $π_t$<u>\n",
    "\n",
    "<pr><u>**Question 1:**</u> En utilisant $π_0$ et $A$, donnez la probabilité pour un individu d’être sain, infecté ou guéri au temps $t = 1$ (faire d’abord le calcul à la main).\n",
    "</pr>\n"
   ]
  },
  {
   "cell_type": "markdown",
   "id": "001ac7c0",
   "metadata": {},
   "source": [
    "$\n",
    "π_1 = π_0 * A =\n",
    "\\begin{pmatrix}\n",
    "   S &    I &    R \\\\\n",
    "0.90*0.92 + 0*0 & 0.90*0.08 + 0.10*0.93 &    0.10*0.07 + 0*1 \\\\\n",
    "\\end{pmatrix}\n",
    "=\n",
    "\\begin{pmatrix}\n",
    "   S &    I &    R \\\\\n",
    "0.828 & 0.165 & 0.007\\\\\n",
    "\\end{pmatrix}\n",
    "$"
   ]
  },
  {
   "cell_type": "code",
   "execution_count": 7,
   "id": "675bcdb6",
   "metadata": {},
   "outputs": [
    {
     "name": "stdout",
     "output_type": "stream",
     "text": [
      "pi_1 = [0.8280000000000001, 0.16500000000000004, 0.007000000000000001]\n"
     ]
    }
   ],
   "source": [
    "pi_1 = [0.90*0.92 + 0*0      ,\n",
    "        0.90*0.08 + 0.10*0.93,\n",
    "        0.10*0.07 + 0*1      ]\n",
    "\n",
    "print(\"pi_1 =\", pi_1)"
   ]
  },
  {
   "cell_type": "markdown",
   "id": "e7cf4331",
   "metadata": {},
   "source": [
    "<pr><u>**Question 2:**</u> Donnez la probabilité pour un individu d’être sain, infecté ou guéri au temps $t = 2$ (faire d’abord le calcul à la main).\n",
    "</pr>"
   ]
  },
  {
   "cell_type": "markdown",
   "id": "ea6166e0",
   "metadata": {},
   "source": [
    "$\n",
    "π_2 = π_1 * A =\n",
    "\\begin{pmatrix}\n",
    "   S &    I &    R \\\\\n",
    "0.828*0.92 + 0.007*0   &   0.828*0.08 + 0.165*0.93   &   0.165*0.07 + 0.007*1 \\\\\n",
    "\\end{pmatrix}\n",
    "=\n",
    "\\begin{pmatrix}\n",
    "   S &    I &    R \\\\\n",
    "0.76176 & 0.21969 & 0.01855\\\\\n",
    "\\end{pmatrix}\n",
    "$"
   ]
  },
  {
   "cell_type": "code",
   "execution_count": 8,
   "id": "fcec37d8",
   "metadata": {},
   "outputs": [
    {
     "name": "stdout",
     "output_type": "stream",
     "text": [
      "pi_2 = [0.76176, 0.21969, 0.01855]\n"
     ]
    }
   ],
   "source": [
    "pi_2 = [0.828*0.92 + 0.007*0   ,\n",
    "        0.828*0.08 + 0.165*0.93,\n",
    "        0.165*0.07 + 0.007*1   ]\n",
    "\n",
    "print(\"pi_2 =\", pi_2)"
   ]
  },
  {
   "cell_type": "markdown",
   "id": "f8c3695d",
   "metadata": {},
   "source": [
    "<pr><u>**Question 3:**</u> De même pour chaque temps $t$ entre $1$ et $200$, calculez la distribution théorique des effectifs dans chaque état (<em>Rappel:</em> $π_{t+1} = π_t . A$ ).\n",
    "</pr>"
   ]
  },
  {
   "cell_type": "code",
   "execution_count": 10,
   "id": "9f79800e",
   "metadata": {},
   "outputs": [
    {
     "name": "stdout",
     "output_type": "stream",
     "text": [
      "Liste des pi_i pour i entre 0 et 200 :\n",
      "[[9.00000000e-01 1.00000000e-01 0.00000000e+00]\n",
      " [8.28000000e-01 1.65000000e-01 7.00000000e-03]\n",
      " [7.61760000e-01 2.19690000e-01 1.85500000e-02]\n",
      " [7.00819200e-01 2.65252500e-01 3.39283000e-02]\n",
      " [6.44753664e-01 3.02750361e-01 5.24959750e-02]\n",
      " [5.93173371e-01 3.33138129e-01 7.36885003e-02]\n",
      " [5.45719501e-01 3.57272330e-01 9.70081693e-02]\n",
      " [5.02061941e-01 3.75920827e-01 1.22017232e-01]\n",
      " [4.61896986e-01 3.89771324e-01 1.48331690e-01]\n",
      " [4.24945227e-01 3.99439090e-01 1.75615683e-01]\n",
      " [3.90949609e-01 4.05473972e-01 2.03576419e-01]\n",
      " [3.59673640e-01 4.08366763e-01 2.31959597e-01]\n",
      " [3.30899749e-01 4.08554980e-01 2.60545271e-01]\n",
      " [3.04427769e-01 4.06428112e-01 2.89144119e-01]\n",
      " [2.80073547e-01 4.02332365e-01 3.17594087e-01]\n",
      " [2.57667664e-01 3.96574984e-01 3.45757353e-01]\n",
      " [2.37054251e-01 3.89428148e-01 3.73517602e-01]\n",
      " [2.18089911e-01 3.81132518e-01 4.00777572e-01]\n",
      " [2.00642718e-01 3.71900434e-01 4.27456848e-01]\n",
      " [1.84591300e-01 3.61918821e-01 4.53489879e-01]\n",
      " [1.69823996e-01 3.51351808e-01 4.78824196e-01]\n",
      " [1.56238077e-01 3.40343101e-01 5.03418823e-01]\n",
      " [1.43739030e-01 3.29018130e-01 5.27242840e-01]\n",
      " [1.32239908e-01 3.17485983e-01 5.50274109e-01]\n",
      " [1.21660715e-01 3.05841157e-01 5.72498128e-01]\n",
      " [1.11927858e-01 2.94165133e-01 5.93907009e-01]\n",
      " [1.02973629e-01 2.82527803e-01 6.14498568e-01]\n",
      " [9.47357391e-02 2.70988747e-01 6.34275514e-01]\n",
      " [8.71568800e-02 2.59598394e-01 6.53244726e-01]\n",
      " [8.01843296e-02 2.48399057e-01 6.71416614e-01]\n",
      " [7.37695832e-02 2.37425869e-01 6.88804548e-01]\n",
      " [6.78680166e-02 2.26707625e-01 7.05424359e-01]\n",
      " [6.24385752e-02 2.16267532e-01 7.21293892e-01]\n",
      " [5.74434892e-02 2.06123891e-01 7.36432620e-01]\n",
      " [5.28480101e-02 1.96290698e-01 7.50861292e-01]\n",
      " [4.86201693e-02 1.86778190e-01 7.64601641e-01]\n",
      " [4.47305557e-02 1.77593330e-01 7.77676114e-01]\n",
      " [4.11521113e-02 1.68740241e-01 7.90107647e-01]\n",
      " [3.78599424e-02 1.60220593e-01 8.01919464e-01]\n",
      " [3.48311470e-02 1.52033947e-01 8.13134906e-01]\n",
      " [3.20446552e-02 1.44178063e-01 8.23777282e-01]\n",
      " [2.94810828e-02 1.36649171e-01 8.33869746e-01]\n",
      " [2.71225962e-02 1.29442215e-01 8.43435188e-01]\n",
      " [2.49527885e-02 1.22551068e-01 8.52496143e-01]\n",
      " [2.29565654e-02 1.15968716e-01 8.61074718e-01]\n",
      " [2.11200402e-02 1.09687431e-01 8.69192528e-01]\n",
      " [1.94304370e-02 1.03698914e-01 8.76870649e-01]\n",
      " [1.78760020e-02 9.79944254e-02 8.84129573e-01]\n",
      " [1.64459218e-02 9.25648958e-02 8.90989182e-01]\n",
      " [1.51302481e-02 8.74010268e-02 8.97468725e-01]\n",
      " [1.39198282e-02 8.24933748e-02 9.03586797e-01]\n",
      " [1.28062420e-02 7.78324248e-02 9.09361333e-01]\n",
      " [1.17817426e-02 7.34086544e-02 9.14809603e-01]\n",
      " [1.08392032e-02 6.92125880e-02 9.19948209e-01]\n",
      " [9.97206696e-03 6.52348431e-02 9.24793090e-01]\n",
      " [9.17430160e-03 6.14661695e-02 9.29359529e-01]\n",
      " [8.44035748e-03 5.78974817e-02 9.33662161e-01]\n",
      " [7.76512888e-03 5.45198866e-02 9.37714985e-01]\n",
      " [7.14391857e-03 5.13247049e-02 9.41531377e-01]\n",
      " [6.57240508e-03 4.83034890e-02 9.45124106e-01]\n",
      " [6.04661268e-03 4.54480372e-02 9.48505350e-01]\n",
      " [5.56288366e-03 4.27504036e-02 9.51686713e-01]\n",
      " [5.11785297e-03 4.02029060e-02 9.54679241e-01]\n",
      " [4.70842473e-03 3.77981309e-02 9.57493444e-01]\n",
      " [4.33175075e-03 3.55289357e-02 9.60139314e-01]\n",
      " [3.98521069e-03 3.33884502e-02 9.62626339e-01]\n",
      " [3.66639384e-03 3.13700756e-02 9.64963531e-01]\n",
      " [3.37308233e-03 2.94674818e-02 9.67159436e-01]\n",
      " [3.10323574e-03 2.76746047e-02 9.69222160e-01]\n",
      " [2.85497688e-03 2.59856412e-02 9.71159382e-01]\n",
      " [2.62657873e-03 2.43950445e-02 9.72978377e-01]\n",
      " [2.41645243e-03 2.28975176e-02 9.74686030e-01]\n",
      " [2.22313624e-03 2.14880076e-02 9.76288856e-01]\n",
      " [2.04528534e-03 2.01616980e-02 9.77793017e-01]\n",
      " [1.88166251e-03 1.89140019e-02 9.79204336e-01]\n",
      " [1.73112951e-03 1.77405548e-02 9.80528316e-01]\n",
      " [1.59263915e-03 1.66372063e-02 9.81770155e-01]\n",
      " [1.46522802e-03 1.56000130e-02 9.82934759e-01]\n",
      " [1.34800978e-03 1.46252303e-02 9.84026760e-01]\n",
      " [1.24016900e-03 1.37093050e-02 9.85050526e-01]\n",
      " [1.14095548e-03 1.28488672e-02 9.86010177e-01]\n",
      " [1.04967904e-03 1.20407229e-02 9.86909598e-01]\n",
      " [9.65704715e-04 1.12818466e-02 9.87752449e-01]\n",
      " [8.88448338e-04 1.05693737e-02 9.88542178e-01]\n",
      " [8.17372471e-04 9.90059345e-03 9.89282034e-01]\n",
      " [7.51982673e-04 9.27294170e-03 9.89975076e-01]\n",
      " [6.91824059e-04 8.68399440e-03 9.90624182e-01]\n",
      " [6.36478134e-04 8.13146072e-03 9.91232061e-01]\n",
      " [5.85559884e-04 7.61317672e-03 9.91801263e-01]\n",
      " [5.38715093e-04 7.12709914e-03 9.92334186e-01]\n",
      " [4.95617886e-04 6.67129940e-03 9.92833083e-01]\n",
      " [4.55968455e-04 6.24395788e-03 9.93300074e-01]\n",
      " [4.19490978e-04 5.84335830e-03 9.93737151e-01]\n",
      " [3.85931700e-04 5.46788250e-03 9.94146186e-01]\n",
      " [3.55057164e-04 5.11600526e-03 9.94528938e-01]\n",
      " [3.26652591e-04 4.78628947e-03 9.94887058e-01]\n",
      " [3.00520384e-04 4.47738141e-03 9.95222098e-01]\n",
      " [2.76478753e-04 4.18800634e-03 9.95535515e-01]\n",
      " [2.54360453e-04 3.91696420e-03 9.95828675e-01]\n",
      " [2.34011617e-04 3.66312554e-03 9.96102863e-01]\n",
      " [2.15290687e-04 3.42542768e-03 9.96359282e-01]\n",
      " [1.98067432e-04 3.20287100e-03 9.96599062e-01]\n",
      " [1.82222038e-04 2.99451542e-03 9.96823263e-01]\n",
      " [1.67644275e-04 2.79947711e-03 9.97032879e-01]\n",
      " [1.54232733e-04 2.61692525e-03 9.97228842e-01]\n",
      " [1.41894114e-04 2.44607910e-03 9.97412027e-01]\n",
      " [1.30542585e-04 2.28620509e-03 9.97583252e-01]\n",
      " [1.20099178e-04 2.13661414e-03 9.97743287e-01]\n",
      " [1.10491244e-04 1.99665909e-03 9.97892850e-01]\n",
      " [1.01651944e-04 1.86573225e-03 9.98032616e-01]\n",
      " [9.35197888e-05 1.74326315e-03 9.98163217e-01]\n",
      " [8.60382057e-05 1.62871631e-03 9.98285245e-01]\n",
      " [7.91551493e-05 1.52158923e-03 9.98399256e-01]\n",
      " [7.28227373e-05 1.42141039e-03 9.98505767e-01]\n",
      " [6.69969183e-05 1.32773748e-03 9.98605266e-01]\n",
      " [6.16371649e-05 1.24015561e-03 9.98698207e-01]\n",
      " [5.67061917e-05 1.15827569e-03 9.98785018e-01]\n",
      " [5.21696963e-05 1.08173289e-03 9.98866097e-01]\n",
      " [4.79961206e-05 1.01018516e-03 9.98941819e-01]\n",
      " [4.41564310e-05 9.43311893e-04 9.99012532e-01]\n",
      " [4.06239165e-05 8.80812575e-04 9.99078564e-01]\n",
      " [3.73740032e-05 8.22405608e-04 9.99140220e-01]\n",
      " [3.43840829e-05 7.67827135e-04 9.99197789e-01]\n",
      " [3.16333563e-05 7.16829963e-04 9.99251537e-01]\n",
      " [2.91026878e-05 6.69182534e-04 9.99301715e-01]\n",
      " [2.67744728e-05 6.24667971e-04 9.99348558e-01]\n",
      " [2.46325149e-05 5.83083171e-04 9.99392284e-01]\n",
      " [2.26619138e-05 5.44237950e-04 9.99433100e-01]\n",
      " [2.08489607e-05 5.07954247e-04 9.99471197e-01]\n",
      " [1.91810438e-05 4.74065367e-04 9.99506754e-01]\n",
      " [1.76465603e-05 4.42415274e-04 9.99539938e-01]\n",
      " [1.62348355e-05 4.12857930e-04 9.99570907e-01]\n",
      " [1.49360486e-05 3.85256662e-04 9.99599807e-01]\n",
      " [1.37411647e-05 3.59483579e-04 9.99626775e-01]\n",
      " [1.26418716e-05 3.35419022e-04 9.99651939e-01]\n",
      " [1.16305218e-05 3.12951040e-04 9.99675418e-01]\n",
      " [1.07000801e-05 2.91974909e-04 9.99697325e-01]\n",
      " [9.84407368e-06 2.72392672e-04 9.99717763e-01]\n",
      " [9.05654779e-06 2.54112711e-04 9.99736831e-01]\n",
      " [8.33202397e-06 2.37049345e-04 9.99754619e-01]\n",
      " [7.66546205e-06 2.21122453e-04 9.99771212e-01]\n",
      " [7.05222508e-06 2.06257118e-04 9.99786691e-01]\n",
      " [6.48804708e-06 1.92383298e-04 9.99801129e-01]\n",
      " [5.96900331e-06 1.79435511e-04 9.99814595e-01]\n",
      " [5.49148305e-06 1.67352545e-04 9.99827156e-01]\n",
      " [5.05216440e-06 1.56077186e-04 9.99838871e-01]\n",
      " [4.64799125e-06 1.45555956e-04 9.99849796e-01]\n",
      " [4.27615195e-06 1.35738878e-04 9.99859985e-01]\n",
      " [3.93405979e-06 1.26579249e-04 9.99869487e-01]\n",
      " [3.61933501e-06 1.18033426e-04 9.99878347e-01]\n",
      " [3.32978821e-06 1.10060633e-04 9.99886610e-01]\n",
      " [3.06340515e-06 1.02622772e-04 9.99894314e-01]\n",
      " [2.81833274e-06 9.56842503e-05 9.99901497e-01]\n",
      " [2.59286612e-06 8.92118194e-05 9.99908195e-01]\n",
      " [2.38543683e-06 8.31744213e-05 9.99914440e-01]\n",
      " [2.19460189e-06 7.75430468e-05 9.99920262e-01]\n",
      " [2.01903373e-06 7.22906016e-05 9.99925690e-01]\n",
      " [1.85751104e-06 6.73917822e-05 9.99930751e-01]\n",
      " [1.70891015e-06 6.28229583e-05 9.99935468e-01]\n",
      " [1.57219734e-06 5.85620641e-05 9.99939866e-01]\n",
      " [1.44642155e-06 5.45884954e-05 9.99943965e-01]\n",
      " [1.33070783e-06 5.08830144e-05 9.99947786e-01]\n",
      " [1.22425120e-06 4.74276600e-05 9.99951348e-01]\n",
      " [1.12631111e-06 4.42056639e-05 9.99954668e-01]\n",
      " [1.03620622e-06 4.12013723e-05 9.99957762e-01]\n",
      " [9.53309721e-07 3.84001728e-05 9.99960647e-01]\n",
      " [8.77044943e-07 3.57884255e-05 9.99963335e-01]\n",
      " [8.06881348e-07 3.33533993e-05 9.99965840e-01]\n",
      " [7.42330840e-07 3.10832118e-05 9.99968174e-01]\n",
      " [6.82944373e-07 2.89667735e-05 9.99970350e-01]\n",
      " [6.28308823e-07 2.69937349e-05 9.99972378e-01]\n",
      " [5.78044117e-07 2.51544381e-05 9.99974268e-01]\n",
      " [5.31800588e-07 2.34398710e-05 9.99976028e-01]\n",
      " [4.89256541e-07 2.18416241e-05 9.99977669e-01]\n",
      " [4.50116017e-07 2.03518509e-05 9.99979198e-01]\n",
      " [4.14106736e-07 1.89632306e-05 9.99980623e-01]\n",
      " [3.80978197e-07 1.76689330e-05 9.99981950e-01]\n",
      " [3.50499941e-07 1.64625860e-05 9.99983187e-01]\n",
      " [3.22459946e-07 1.53382449e-05 9.99984339e-01]\n",
      " [2.96663150e-07 1.42903646e-05 9.99985413e-01]\n",
      " [2.72930098e-07 1.33137721e-05 9.99986413e-01]\n",
      " [2.51095690e-07 1.24036425e-05 9.99987345e-01]\n",
      " [2.31008035e-07 1.15554752e-05 9.99988214e-01]\n",
      " [2.12527392e-07 1.07650725e-05 9.99989022e-01]\n",
      " [1.95525201e-07 1.00285197e-05 9.99989776e-01]\n",
      " [1.79883185e-07 9.34216530e-06 9.99990478e-01]\n",
      " [1.65492530e-07 8.70260439e-06 9.99991132e-01]\n",
      " [1.52253128e-07 8.10666148e-06 9.99991741e-01]\n",
      " [1.40072878e-07 7.55137543e-06 9.99992309e-01]\n",
      " [1.28867047e-07 7.03398498e-06 9.99992837e-01]\n",
      " [1.18557684e-07 6.55191539e-06 9.99993330e-01]\n",
      " [1.09073069e-07 6.10276593e-06 9.99993788e-01]\n",
      " [1.00347223e-07 5.68429816e-06 9.99994215e-01]\n",
      " [9.23194455e-08 5.29442507e-06 9.99994613e-01]\n",
      " [8.49338898e-08 4.93120087e-06 9.99994984e-01]\n",
      " [7.81391786e-08 4.59281152e-06 9.99995329e-01]\n",
      " [7.18880443e-08 4.27756585e-06 9.99995651e-01]\n",
      " [6.61370008e-08 3.98388728e-06 9.99995950e-01]\n",
      " [6.08460407e-08 3.71030613e-06 9.99996229e-01]\n",
      " [5.59783575e-08 3.45545239e-06 9.99996489e-01]\n",
      " [5.15000889e-08 3.21804899e-06 9.99996730e-01]]\n"
     ]
    }
   ],
   "source": [
    "def liste_pi(pi_0, A, n):\n",
    "    l_pi = [pi_0]\n",
    "    for i in range(n):\n",
    "        pi_i = []\n",
    "        for j in range(len(pi_0)):\n",
    "            pi_i.append(l_pi[-1][j] * A[j][j] + l_pi[-1][j-1] * A[j-1][j])\n",
    "        l_pi.append(pi_i)\n",
    "    return l_pi\n",
    "\n",
    "liste_pi_i = np.array(liste_pi(pi_0, matrice_transition_modele1, 200))\n",
    "print(\"Liste des pi_i pour i entre 0 et 200 :\")\n",
    "print(liste_pi_i)"
   ]
  },
  {
   "cell_type": "markdown",
   "id": "e8f54d48",
   "metadata": {},
   "source": [
    "<pr><u>**Question 4:**</u> Représentez graphiquement la probabilité d’être dans chaque état en fonction du temps. (+ décrivez un peu ce que vous observez).\n",
    "</pr>"
   ]
  },
  {
   "cell_type": "code",
   "execution_count": 12,
   "id": "fee4cea4",
   "metadata": {},
   "outputs": [],
   "source": [
    "def affiche_graphe_multi(liste_pi):\n",
    "    #on crée les ordonnées\n",
    "    liste_sains = []\n",
    "    liste_infectes = []\n",
    "    liste_gueris = []\n",
    "    for pi in liste_pi_i:\n",
    "        liste_sains.append(pi[0])\n",
    "        liste_infectes.append(pi[1])\n",
    "        liste_gueris.append(pi[2])\n",
    "    \n",
    "    #on crée les abscisses\n",
    "    abscisses = [i for i in range(len(liste_pi))]\n",
    "    \n",
    "    #on plot le graphe comme une courbe\n",
    "    plt.plot(abscisses, liste_sains)\n",
    "    plt.plot(abscisses, liste_infectes)\n",
    "    plt.plot(abscisses, liste_gueris)\n",
    "    \n",
    "    #on légende le graphe\n",
    "    plt.legend([\"Personnes saines\", \"Personnes infectées\", \"Personnes guéries\"])\n",
    "    \n",
    "    #on nomme l'axe des abscisses\n",
    "    plt.xlabel(\"Temps t\")\n",
    "    #on nomme l'axe des ordonnées\n",
    "    plt.ylabel(\"Proportion\")\n",
    "    \n",
    "    #on paramètre l'échelle des abscisses suivant l'option x_scale\n",
    "    plt.xscale(\"linear\")\n",
    "    #on paramètre l'échelle des ordonnées comme linéaire\n",
    "    plt.yscale(\"linear\")\n",
    "    \n",
    "    #on donne un titre au graphique\n",
    "    plt.title(\"Graphique des proportions de population en fonction du temps\")\n",
    "       \n",
    "    #on affiche le graphe\n",
    "    plt.show()\n",
    "\n",
    "#affiche_graphe_multi(liste_pi_i)"
   ]
  },
  {
   "cell_type": "markdown",
   "id": "944f4cdd",
   "metadata": {},
   "source": [
    "<img src=\"Graph_Partie2.png\"  align=\"bottom\">"
   ]
  },
  {
   "cell_type": "markdown",
   "id": "6c594b21",
   "metadata": {},
   "source": [
    "### <u>Tirage aléatoire des états</u>\n",
    "<pr>Vous allez générer une séquence de taille $T$ en utilisant cette chaîne de Markov. Pour générer une séquence aléatoire, choisissiez un état initial au hasard (en utilisant $π_0$) ; puis choisissez les états suivants en suivant les probabilités de transition <em>(= la matrice de transition $A$).</em>\n",
    "Vous pouvez prendre $T=150$.\n",
    "</pr>"
   ]
  },
  {
   "cell_type": "code",
   "execution_count": 27,
   "id": "db550b5f",
   "metadata": {},
   "outputs": [
    {
     "name": "stdout",
     "output_type": "stream",
     "text": [
      "La séquence aléatoire de taille 150 suivant cette chaîne de Markov est :\n",
      "\n",
      "[0 0 0 0 0 0 0 0 0 0 0 0 0 0 0 0 0 0 0 0 0 0 0 0 0 0 0 0 0 0 0 0 0 0 0 0 0\n",
      " 0 0 0 1 1 2 2 2 2 2 2 2 2 2 2 2 2 2 2 2 2 2 2 2 2 2 2 2 2 2 2 2 2 2 2 2 2\n",
      " 2 2 2 2 2 2 2 2 2 2 2 2 2 2 2 2 2 2 2 2 2 2 2 2 2 2 2 2 2 2 2 2 2 2 2 2 2\n",
      " 2 2 2 2 2 2 2 2 2 2 2 2 2 2 2 2 2 2 2 2 2 2 2 2 2 2 2 2 2 2 2 2 2 2 2 2 2\n",
      " 2 2]\n"
     ]
    }
   ],
   "source": [
    "def genere_sequence(pi_0, A, n):\n",
    "    p = rd.random()\n",
    "    sequence = []\n",
    "    for i in range(len(pi_0)):\n",
    "        if p < sum(pi_0[:i+1]):\n",
    "            sequence.append(i)\n",
    "            break\n",
    "    for i in range(1, n):\n",
    "        p = rd.random()\n",
    "        for j in range(len(A)):   \n",
    "            if p < sum(A[sequence[-1]][:j+1]):\n",
    "                sequence.append(j)\n",
    "                break\n",
    "    return np.array(sequence)\n",
    "\n",
    "print(\"La séquence aléatoire de taille 150 suivant cette chaîne de Markov est :\\n\")\n",
    "print(genere_sequence(pi_0, matrice_transition_modele1, 150))"
   ]
  },
  {
   "cell_type": "markdown",
   "id": "721d91fb",
   "metadata": {},
   "source": [
    "### <u>Modélisation d’une population</u>\n",
    "<pr>Vous avez généré une séquence d’état pour un individu. Maintenant vous allez générer un ensemble de séquences pour une population de 200 individus.\n",
    "\n",
    "<u>**Question 1:**</u> À chaque temps $t$, comptez le nombre d’individus sains, infectés et guéris dans la population et affichez l’évolution du nombre d’individus dans les trois états en fonction du temps.\n",
    "</pr>"
   ]
  },
  {
   "cell_type": "code",
   "execution_count": 28,
   "id": "a348ffe6",
   "metadata": {},
   "outputs": [
    {
     "name": "stdout",
     "output_type": "stream",
     "text": [
      "La liste de 200 séquences est :\n",
      "\n",
      "[[0 0 0 ... 2 2 2]\n",
      " [0 0 1 ... 2 2 2]\n",
      " [1 2 2 ... 2 2 2]\n",
      " ...\n",
      " [0 0 0 ... 2 2 2]\n",
      " [0 0 0 ... 2 2 2]\n",
      " [0 0 0 ... 2 2 2]]\n",
      "\n",
      "\n",
      "La liste de 200 séquences compte cet effectif au cours du temps:\n",
      "\n",
      "[[184  16   0]\n",
      " [169  27   4]\n",
      " [152  44   4]\n",
      " [140  55   5]\n",
      " [126  62  12]\n",
      " [118  62  20]\n",
      " [110  67  23]\n",
      " [100  73  27]\n",
      " [ 93  74  33]\n",
      " [ 87  74  39]\n",
      " [ 77  79  44]\n",
      " [ 74  72  54]\n",
      " [ 71  72  57]\n",
      " [ 64  70  66]\n",
      " [ 58  72  70]\n",
      " [ 51  74  75]\n",
      " [ 48  75  77]\n",
      " [ 45  73  82]\n",
      " [ 41  70  89]\n",
      " [ 40  65  95]\n",
      " [ 37  62 101]\n",
      " [ 35  56 109]\n",
      " [ 32  57 111]\n",
      " [ 32  50 118]\n",
      " [ 28  49 123]\n",
      " [ 26  47 127]\n",
      " [ 26  44 130]\n",
      " [ 24  42 134]\n",
      " [ 22  42 136]\n",
      " [ 19  43 138]\n",
      " [ 18  42 140]\n",
      " [ 18  41 141]\n",
      " [ 15  41 144]\n",
      " [ 14  38 148]\n",
      " [ 13  38 149]\n",
      " [ 12  37 151]\n",
      " [  9  40 151]\n",
      " [  8  39 153]\n",
      " [  8  38 154]\n",
      " [  6  40 154]\n",
      " [  5  38 157]\n",
      " [  5  35 160]\n",
      " [  4  33 163]\n",
      " [  4  30 166]\n",
      " [  3  30 167]\n",
      " [  3  28 169]\n",
      " [  3  26 171]\n",
      " [  3  24 173]\n",
      " [  3  21 176]\n",
      " [  3  21 176]\n",
      " [  3  21 176]\n",
      " [  3  20 177]\n",
      " [  3  18 179]\n",
      " [  2  19 179]\n",
      " [  1  20 179]\n",
      " [  1  19 180]\n",
      " [  1  16 183]\n",
      " [  1  15 184]\n",
      " [  1  14 185]\n",
      " [  1  14 185]\n",
      " [  1  13 186]\n",
      " [  1  12 187]\n",
      " [  1  11 188]\n",
      " [  1   9 190]\n",
      " [  1   8 191]\n",
      " [  1   8 191]\n",
      " [  1   8 191]\n",
      " [  1   6 193]\n",
      " [  1   6 193]\n",
      " [  0   6 194]\n",
      " [  0   5 195]\n",
      " [  0   5 195]\n",
      " [  0   5 195]\n",
      " [  0   5 195]\n",
      " [  0   4 196]\n",
      " [  0   4 196]\n",
      " [  0   4 196]\n",
      " [  0   4 196]\n",
      " [  0   2 198]\n",
      " [  0   2 198]\n",
      " [  0   2 198]\n",
      " [  0   1 199]\n",
      " [  0   0 200]\n",
      " [  0   0 200]\n",
      " [  0   0 200]\n",
      " [  0   0 200]\n",
      " [  0   0 200]\n",
      " [  0   0 200]\n",
      " [  0   0 200]\n",
      " [  0   0 200]\n",
      " [  0   0 200]\n",
      " [  0   0 200]\n",
      " [  0   0 200]\n",
      " [  0   0 200]\n",
      " [  0   0 200]\n",
      " [  0   0 200]\n",
      " [  0   0 200]\n",
      " [  0   0 200]\n",
      " [  0   0 200]\n",
      " [  0   0 200]\n",
      " [  0   0 200]\n",
      " [  0   0 200]\n",
      " [  0   0 200]\n",
      " [  0   0 200]\n",
      " [  0   0 200]\n",
      " [  0   0 200]\n",
      " [  0   0 200]\n",
      " [  0   0 200]\n",
      " [  0   0 200]\n",
      " [  0   0 200]\n",
      " [  0   0 200]\n",
      " [  0   0 200]\n",
      " [  0   0 200]\n",
      " [  0   0 200]\n",
      " [  0   0 200]\n",
      " [  0   0 200]\n",
      " [  0   0 200]\n",
      " [  0   0 200]\n",
      " [  0   0 200]\n",
      " [  0   0 200]\n",
      " [  0   0 200]\n",
      " [  0   0 200]\n",
      " [  0   0 200]\n",
      " [  0   0 200]\n",
      " [  0   0 200]\n",
      " [  0   0 200]\n",
      " [  0   0 200]\n",
      " [  0   0 200]\n",
      " [  0   0 200]\n",
      " [  0   0 200]\n",
      " [  0   0 200]\n",
      " [  0   0 200]\n",
      " [  0   0 200]\n",
      " [  0   0 200]\n",
      " [  0   0 200]\n",
      " [  0   0 200]\n",
      " [  0   0 200]\n",
      " [  0   0 200]\n",
      " [  0   0 200]\n",
      " [  0   0 200]\n",
      " [  0   0 200]\n",
      " [  0   0 200]\n",
      " [  0   0 200]\n",
      " [  0   0 200]\n",
      " [  0   0 200]\n",
      " [  0   0 200]\n",
      " [  0   0 200]\n",
      " [  0   0 200]\n",
      " [  0   0 200]\n",
      " [  0   0 200]]\n"
     ]
    }
   ],
   "source": [
    "def genere_liste_sequence(pi_0, A, nb_individu, temps):\n",
    "    liste_sequence = []\n",
    "    for i in range(nb_individu):\n",
    "        liste_sequence.append(genere_sequence(pi_0, A, temps))\n",
    "    return np.array(liste_sequence)\n",
    "\n",
    "def comptage_liste_sequence(liste_sequence, nb_etats=3):\n",
    "    liste_comptage = []\n",
    "    for jour in range(len(liste_sequence[0])):\n",
    "        comptage = [0 for i in range(nb_etats)]\n",
    "        for seq in liste_sequence:\n",
    "            comptage[seq[jour]] += 1\n",
    "        liste_comptage.append(comptage)\n",
    "    return np.array(liste_comptage)\n",
    "\n",
    "liste_sequence = genere_liste_sequence(pi_0, matrice_transition_modele1, 200, 150)\n",
    "liste_comptage = comptage_liste_sequence(liste_sequence)\n",
    "\n",
    "print(\"La liste de 200 séquences est :\\n\")\n",
    "print(liste_sequence)\n",
    "\n",
    "print(\"\\n\\nLa liste de 200 séquences compte cet effectif au cours du temps:\\n\")\n",
    "print(liste_comptage)"
   ]
  },
  {
   "cell_type": "markdown",
   "id": "45eeeaaa",
   "metadata": {},
   "source": [
    "<pr><u>**Question 2:**</u> Affichez le pourcentage d’individus sains infectés et guéris en fonction du temps.\n",
    "</pr>"
   ]
  },
  {
   "cell_type": "code",
   "execution_count": 29,
   "id": "fc6bf70f",
   "metadata": {
    "scrolled": true
   },
   "outputs": [
    {
     "name": "stdout",
     "output_type": "stream",
     "text": [
      "\n",
      "\n",
      "La liste de 200 séquences compte ces pourcentage d'individus sains/infectés/guéris au cours du temps:\n",
      "[[ 92.    8.    0. ]\n",
      " [ 84.5  13.5   2. ]\n",
      " [ 76.   22.    2. ]\n",
      " [ 70.   27.5   2.5]\n",
      " [ 63.   31.    6. ]\n",
      " [ 59.   31.   10. ]\n",
      " [ 55.   33.5  11.5]\n",
